2288500408
4254805660
2294099250
56498137
2188513626
3108979485
3064734188
580305671
1103802106
3461125348
3232794447
270305491
3796232173
3699277756
665286484
3981019872
2879975011
2034461551
2763575924
1196286926
3107955026
2431027172
3215750267
1070786783
3515634284
2624444885
420513899
2109781105
15263923
1507516778
991319768
818003087
52635399
644492362
1518450101
908768462
795777866
3888240281
3404914336
4203577466
2629258837
1839616163
3863018670
3074350480
1354494288
3613354195
1746571816
2473914031
4210178627
2740470830
2328152201
3753494160
1040647430
1381355020
1083369789
2063557129
2427325618
2652457847
572677554
346574938
3763501848
3959175192
2063009607
1151804020
1216875330
1236511924
3832016123
4016373360
3554652230
3011264027
4208941145
46578421
3724737267
582461365
831100456
460419505
1952022573
2341822631
3458233719
2461400928
3209334506
191790044
3951196899
1143455975
946911158
249255315
4286175909
1969778653
2588991328
1698169208
152550596
2781438650
2385944882
32662883
1372854185
278978064
2156522920
3965346845
2289740325
2560431698
2845473325
4069220674
1968279056
3505036890
471915486
2056616540
3135058417
1356973842
3368128673
750240553
606834657
2310545712
3602132983
3627778956
1729696360
3166571270
1745576329
783327943
1591999697
573649551
3938552072
3316286691
2107451820
3353221147
4148888466
1047184824
299449280
1108186992
1554987123
1848762158
193960573
3203104309
1441981530
1268917748
1748813847
2184849441
1001187470
3158618649
875069195
688963973
4014944887
1840212001
2478397259
160806021
2681011863
1617967811
3620531464
2550909167
757994004
835164460
3654049921
3203669180
1284776334
1469678767
3583808735
2201852997
4113540225
4190561855
492760467
3518143651
500744993
1265322022
196498384
1153029403
2496989693
106769593
421024748
1225723428
915923813
3649760951
739535890
652909675
4179641516
2468630256
851419010
3191941119
764020401
1877102827
1168183612
2675769174
1170670943
3856412308
3458735002
2465402502
744431871
1784160187
1322073572
1814346976
1999568046
3709184694
3465897575
3531959168
3518241684
3039683524
853167022
507970799
655143467
1338343997
2950730055
2319589149
3060369796
1052766034
717534881
3848765959
1069187690
21364974
3582726417
658351740
3492214160
1007942167
2002079492
2839097639
2353544846
4100822750
2935236003
4113901792
2117662239
2994497159
3043677308
1756314984
3021981386
1493878454
1880324257
725333746
873214044
385752577
1818213800
1312179247
3452176357
1655075167
3637602398
4005324064
547483193
3247935278
1852930861
1797342479
3837568189
3250430151
2362695295
338554820
1063630645
2061255960
1810132673
89132422
157439118
1629660221
3109482007
3174460813
2290132974
2911816118
1345984102
3100438496
3397672800
1553210610
1447552606
288020238
3578784498
4206565533
2927186124
4008901053
683437066
3623186532
689384096
1395872599
2071429227
440327313
2752428892
1580528542
2191867989
1387288503
1401455535
3490350307
742193916
2029879066
2803099001
2195225189
3111925802
2129899459
2866173813
580366562
2505145004
3732699757
1130143939
3485314031
740181013
481708664
2144412227
3999803455
19329874
4253935668
3200590494
3295551359
645186556
2193815198
2201119497
1880335266
3938040423
596115955
2229424343
711161725
2735449846
2125388002
1274781421
3173564149
4024186268
4262835208
254593660
457833881
1827643192
4012365884
4085624373
3363402106
1632788285
175109146
1221142291
1334140850
1151105283
503230352
284345967
3958296193
2755606224
846746575
3117871075
3406747064
3072623968
839917606
3736664257
3662044343
1471920998
2841862958
4181150532
3360383363
3690446879
2858726923
801232608
2355591186
1927715175
2430231897
106666473
2831702151
1855493469
444485946
1233841091
3687269942
869203637
2329591622
229107680
87959424
1343804928
807754074
967388040
3535686371
1810208861
794296793
1053342947
956942109
3295122566
1268513701
1537121819
1926669747
1604597993
1962816114
3018556788
1463319681
1318202502
1122860345
1365216587
2311868125
1541221757
2687346994
361974537
1584966591
3700991702
321075760
445417762
3821724448
2042407187
1615438424
396065444
1498833592
3120631570
2115114596
284853238
1250323542
18631678
2384808024
1633163368
937625737
562455162
3167486178
2857232315
2132297365
1793485272
3786515291
812746474
2987184709
1154067445
2967451414
815084296
4264279
3050600501
2524199517
2782748044
454720532
431149311
2646791432
987071504
999654893
3568456134
79741235
1288704487
2421777032
2609514637
4105165802
4237024016
4207381851
3549191313
2380434973
781333486
547511728
830119521
3809292282
3415438744
4202599322
360386178
2287141418
980484916
1375553703
984712919
2862386186
2137113829
945377309
2625503151
2240981678
931236160
289696748
283379131
2792191020
2929739450
795675321
2518190831
4077335197
1026025978
3004638727
3421196489
2029382767
74890555
77674254
3459882861
2898857242
528747961
3112315550
85895425
537070269
3441277590
1332044622
1297398215
4115667654
1989039108
3998367658
3651639018
1252691184
3367611577
2437929738
3533075369
702168696
2968291003
1837596672
2293678956
847331986
760682309
1092186441
1855913329
2385186790
752858678
135711826
976363646
2514598357
2882901188
1824940881
2599340776
1827174349
2980862625
3539798168
1345836968
2219267900
2536550181
2764410346
2664600692
4217292647
1360623826
298264727
3518805898
2731539235
1933149327
865780277
1595256901
3103387978
875423384
2661096436
785973998
2967307245
4005623645
3974717070
1511365655
37045464
2749430552
2931302215
257936047
2131555579
3428819465
949831776
1517641988
2858560206
386540874
2165670253
3141870339
776281523
2817365625
124110049
1665895351
3501481218
490619892
3894120024
1880974521
149161479
1372727442
2431618905
3409633824
2290433952
3089770055
3560864383
1490627691
837262865
3917112099
243271959
1291040138
3396199021
796119355
1361696345
31793349
2818610119
508663445
3828182135
1581682602
1578712723
395857300
1001101416
675934711
1262674348
514633296
3244572259
920569142
2993337436
2317122736
2345712077
2688857107
3667062189
1092022269
3736872173
785062754
439794001
3594445039
116564338
1485053210
1443038401
1238234307
3911177235
4242053032
737469521
2479653336
2561466326
4005930865
1860348622
1275152982
890704603
800489993
3147713495
3530140499
3305784687
2587309048
1655906246
1184579529
414155462
3793134057
734598265
2667208612
1871522087
475513400
2008659385
2500599054
2305701735
3169229973
2582204210
3133068965
574736809
3976679022
1650466149
3847056755
170767491
3911278479
650632713
3969184072
862640379
3428737883
1979852962
1738024920
1483849315
858605852
1118246244
2292015817
3001874073
2561433113
2076989188
2110988846
2449541994
1151152590
2335966547
1160109751
98608605
1680919862
2416260310
2537621125
1148743113
3380185163
1440532628
3484990951
303839396
688452261
1892704044
747863207
3411168842
1301925733
74087815
797242243
1320142335
3188572945
3928186636
2325860463
3376840250
667105390
574492889
2471250807
782549269
1502309088
2540328024
3500374757
3110763499
1122442286
3311409395
1195072578
253066269
4053071772
2994022523
1011831581
1321294316
1494603264
2257296156
947423486
1993956423
785373892
475001021
3248177598
1438001434
2036078213
2188031966
1485344742
1303384890
4164673488
3075888056
852721615
1172355517
3320323101
2351621680
1577092249
4283351802
1425398297
2204840526
1720015821
779642525
2527484005
1875964984
3173853540
2725984195
861464254
3667155510
1376463131
745941607
1055750797
2202151990
712116760
3261754567
961872441
3714193199
3192912080
1582951598
854262861
3278251045
3986725009
1515947860
381261923
2192745234
3502281608
3768901390
2248815909
809723817
2625837950
269683019
755295716
3983852522
3467108932
3499041589
3440087485
933662025
848603347
218954780
1415756775
2479242379
2973152510
2008160332
1321163315
1533883150
5684981
1821339919
773718531
1312536054
659191985
1770932432
2309694348
1340408119
1602094647
3471227242
4199172748
2889163608
1193898252
1406407017
3512119397
3483913891
3570244713
2081767632
1598569457
2756596006
526326590
1697751362
1964511712
155924085
1001288556
2372681502
2390435616
2251964967
3059287793
3311099661
3341494892
3284854235
2164045587
933575005
3234951995
2584232899
4283934843
1857142474
3706170325
1441890312
2307246143
1702397811
1214917577
1285437778
1047329713
1613761794
2714386515
2833369988
3593231240
587655573
4199000170
2719119119
3686914482
375648232
857838105
4108942676
2645088149
2979223680
2239415359
1756353847
1297422466
2798510682
3642730617
1289714712
274337095
453797182
3830667743
2269995951
2829991190
2270031240
3419312081
2585609013
2859536169
23833782
3143686440
3602769179
591436179
2071528830
2152334692
3839161673
4021504118
654563066
3700413547
3269749297
3568687261
2470250759
2727232543
255154688
3635788148
3535761784
1167214751
1750035745
918943909
1060394005
2431369123
2540351314
2216639821
410685510
3490899114
3876163927
163814607
2445890459
4221752875
2886280490
1232153723
3244782172
2618697835
85378449
2753934200
47281268
4000335294
2140752313
1727480886
3920216378
2593826761
145244235
3093247907
4030308861
3823390722
1218255470
1058084358
2208199137
363569861
4086646793
3863845729
1499572493
2149221831
3577486796
940893386
3803102708
2221454722
730477406
447136068
1508633756
938074503
2030043282
2939059263
3382297644
3425925772
4119895594
964028903
1513343521
2755012766
1271923558
4262433864
4288614546
2434293610
3095454828
50335317
2584591407
2218276006
825646004
1724362080
4178084156
3956446781
1616259319
1060194486
2846443011
4218114220
3425011246
957875546
3940365801
635076621
1062338566
3165948369
2939997482
1009796452
1677115523
2673317922
3334234442
2799775480
1726640081
3073732011
3413767993
1713487415
2672978680
2616375184
3292736013
1621506284
1130240103
687217399
451202856
1756137359
3868849033
857438348
182503732
3675032293
1772277596
234457592
900738816
564146137
78448300
3737262328
1500179285
1028502635
2026356574
1135672034
3607751050
1773689553
928018153
2127758142
3730186289
3087465552
3811880116
2978658495
2190628821
1982124024
261511183
4160062198
2810568583
3796762512
113972431
1654732828
908441816
2404185389
1423652363
3909337023
2311153876
2089996851
4093758623
1184390413
51224922
527143169
3658525564
441374983
884002285
1562315843
2539750735
2340385888
3747203350
861229974
3687204895
1099463184
1972428659
3826685003
1839243272
3581978559
3924588810
2375119430
644107753
1696267657
1187715958
1269946494
3842863552
2022718747
2110361275
4062356236
1427962794
2974783226
3479527420
310524839
1771919576
1262482917
4237874122
2035977329
1526796367
1639507802
3041555634
2447734065
1923412731
4029486524
966709153
3916688562
3001998107
862907610
2834510984
4101155680
2525316721
2255123753
845749573
2149807080
3996013015
3936980157
1225628627
868634161
335001655
2478442906
3871123946
2253697979
3745637114
1424886068
1858249825
4032430216
4199415176
1756404026
408772515
1998382650
1344521993
1168123001
303205239
3063873824
1615773654
2613976423
2963279123
1424684829
3277195866
1577096504
1759603641
3462342332
3676890537
3205659211
4094518554
153253973
525198692
890904335
3427236334
3608562124
2966590396
1702663848
1268854300
3236178544
36056537
2390526104
2946001325
854767185
3154403009
3473725281
77440300
663913581
3654883982
2958486600
3651914028
1013954310
3695433188
3848359307
210761258
74637663
2287372087
3633188591
780409759
1699630445
2860073262
3818791022
951653457
3205357170
392339632
860095119
2205826749
2630914672
4100900816
3116423256
3047982064
2218468360
3943750889
3041396032
3369977621
2399409000
2713806369
3381654006
3714222863
3261467176
3625341074
650271827
2061577107
3566244281
2617477166
586605856
302199960
3210109216
1066233940
2174222422
2264538434
673487423
648167838
1477426924
2447445886
2183875850
2441503698
2151827789
4015189998
4182855958
3156872905
2597129672
420343501
1099006035
2470592972
15321213
1222061156
2143653662
3548685857
1341753520
3704884316
1163201036
421044112
3759879925
4041865950
109520592
303400932
2154577057
203662227
2162485882
2635535091
3686509233
2851043489
18175475
1878612073
2889407755
1323594352
1403637819
1005202140
2255048340
2369999939
3639938357
1988752376
2282940099
3690133488
1742099302
2165186937
1519443201
1085617461
3703443925
2571504221
3077612026
882219974
482939620
2807776861
1595583806
3907205801
4233129547
1543066558
3229333188
4132517470
2883507919
1272698469
552147933
2631530070
3724054165
1834415461
1724089125
3972885980
3955471680
2734983546
680317859
918594278
1901740993
290996202
1261779321
149502946
2058411562
3905678901
4030896577
58944320
1225779476
269691195
2277678314
4207953463
4128914899
681421692
1956086324
4166782078
3801306283
1556157904
2236410383
350386748
3104843385
1513505513
3524280017
4044696967
2217562657
244152845
3079059159
3116842839
1428980933
86483238
1800157253
2156730460
3714735747
2599951657
409222078
51736273
2506352324
151395115
706179003
1908779228
706163738
2425336552
538021486
4224334855
2345541332
1242130956
4211807281
3846408644
2173763038
1109803338
1637128883
3017456961
1730312223
2978364763
2717291664
99703876
2286761048
4176737115
2724111604
3331888908
4234393708
944829291
3261443482
4110313665
3433878400
2710104364
1077625498
1731180584
4061661072
2060677046
1034018173
1383426780
143164697
1442500263
739936353
78760601
3820955730
503892010
3276868849
2643147087
398110676
261094623
761818076
2163836045
1735531934
3558577389
1120845779
4052138203
372875946
1740472253
430070850
2404064250
261416631
3673949300
3075556124
1684722685
4272844249
162261794
1268684446
548977382
676892304
475740441
1934351884
2544692587
2701722521
3379917305
2120652398
2363909275
3645606768
2216054332
382265831
1186267877
2860801560
3995310266
1329422168
536558696
2492570565
2757728770
1847797101
2939758456
505223510
1199212181
66298092
779246473
904107543
867331861
1131815763
93283753
2743345118
246551639
729167685
379540803
2003118329
681558509
1564060798
662461695
263141113
2347618196
791591883
1647612446
3559413062
3173258329
4093133620
3459229608
1595858202
1335492147
4228417825
4167095651
2776061404
3332809642
3342741104
1724398195
3794182398
3903591902
3734147628
1620093504
3597113109
3448224460
1087173906
2172834518
4024586672
1988489117
742420150
734788619
3609469812
2635661697
418928337
1279904206
3646532188
2241189630
3178487319
706845172
1998288538
1005112146
939966991
3814426836
4059943986
1876010161
1063454519
868738879
3770746440
407065873
2043327622
1847237498
3409057735
3950064467
2652490437
3286606977
502617609
303448249
3685695101
4128611478
3746815182
4144763580
947412116
507908259
1593983357
2300417652
4065307702
4021918651
486782736
2247802481
2405589262
456047456
3398455372
3967301397
2553782029
2426460774
124037697
3742833417
2928092158
2544327525
2173032178
264777570
1449391225
2938009632
1635165530
4093712349
69568205
1301696221
4011579170
3993728712
2528448849
1860326479
1721184183
939423272
3891338649
1814914723
3206174345
572462805
2465312379
3177949173
2283527803
1536365801
349316499
1794582771
3111034554
4069955198
1558596112
3210882425
1643709289
2080712497
3000760295
479356234
359885634
1321581906
1981101242
3741660428
625552113
517856713
459909804
3621409034
1002339423
4238475711
3531360519
141223544
4127454360
1628539205
819082223
107445841
1107632134
468595087
2107919170
3134712529
3653910283
3251072302
366772547
577285239
3956987651
2226892608
2753715625
1462863951
114204976
1029685116
2616160395
3749245242
2417515818
3875014788
3078114114
361415105
316815314
3912690787
3008178183
1656653672
256081594
319603532
1805530664
724834599
3896820525
72048270
2981973868
171463629
3441010773
2202472927
102572070
2907151161
155382129
562375436
1094050924
1994566930
1340375942
3969078854
3184302119
3114062564
3100323235
22415587
2789634252
3006705226
1692095086
2375729025
820494729
2489760588
2473054989
2998693430
378994364
616344747
2849934829
2053436765
1819722003
3467950259
864440308
3566428506
2713973549
2648861501
3897944244
2335384838
2432990508
3958078140
3287420628
2545252462
1085401843
1157529325
1222720981
2285173654
3585513525
2437626031
4210749672
989345192
1487462708
3845651049
2550985357
122508837
4186428033
637202875
1368164231
1290785507
803703099
545242229
4136553714
32454060
2790501294
1735356288
2104679045
4154897744
3540007480
1494337798
4039006827
102415909
988835690
3867806315
3626696245
435291391
408411
3321535091
3873422158
1642163335
3390932371
2983873816
1688919851
1769692529
893630971
1498676059
1824406061
810881171
2005673751
4228235610
79869097
3087925302
4279309363
181585243
2643708562
24765042
1515810556
4126084715
3340570909
3354948881
1285802739
407060935
1143521256
1799619835
558996607
2820453531
405308408
2612537647
18040873
3287821509
4022114561
1198295708
3901901803
1700655434
85472016
4025786336
1676333913
773240119
975260947
4063210331
1586734449
694630250
3474382283
3832244274
2542809492
4057207706
4234609770
523121931
2510668081
2842059494
3916725923
1953654364
1982113459
1445262523
1905516709
3044901669
1282708909
1920309326
544763092
1103813752
4030972349
798710695
558070830
977154046
1231539929
671525152
572224837
3015523577
970178007
233211427
169710900
967496481
3296789943
2803343637
3111890513
2399435061
2505652679
1261096734
148941410
4082719937
1443285376
862899666
2075190598
3998942008
3883643395
3420968476
2500414789
2984663132
1165761508
2686046782
820904648
3215939324
833457314
2587745867
59570057
359403134
1046977823
3173355208
2250289407
3358323152
2073735276
2351803842
2286054780
3017805095
2323467097
1564383191
3548847951
2753561660
3650822200
3242714629
2063308873
791809083
3649740014
2223837529
2509491224
3417563895
2213637514
2426385900
2337386322
877759194
4139282351
3556435500
915275503
97795673
3554113757
3319013442
1873506151
2086565646
431757885
467400007
148858580
4175122604
3856533390
2268162402
1683832541
406696309
3982702864
1307192928
1699067330
657055950
656665319
188146282
4185626437
3787680202
84927982
2958327160
698352029
935680734
4014237622
1855824506
2232922497
2286513271
1530872339
3321649338
3619817583
2565332693
1028394948
3151522127
654570832
3352876920
1376929430
2368892376
1131810842
2458072489
2224249699
471844757
1432392433
2779537599
2260190322
4285621392
2834034940
1974826071
3586069912
3102918896
1363304514
1134054535
613703412
3700672432
1611774110
43706662
2386113692
882013195
2645906497
2936269957
1623171677
992123378
3073038034
307709190
1515225809
1766716091
4270460216
2558543960
1244974731
3508272266
617189512
3574703144
377932955
651294322
3864240197
1831398654
1801299922
1429783870
185137437
3792717891
3223156863
4038034282
3208435580
3197887380
1141538586
3939430739
1565150780
3649848269
4273642872
2348115852
4233074104
4096444445
3607263087
700874279
4211912738
3462061387
3412047091
3119124589
3797021901
2908874245
2946457507
4054803222
2957274634
1120785412
2265822306
1103099879
2402822396
2240244753
2534219328
3934970132
3782554589
4284435120
2131178027
1624462022
1431424100
2214751115
1116767754
1324786468
3087199173
867205995
3693749302
525096213
2354467898
203546537
3263173262
1285470704
1431924836
2545908174
1050474181
851507155
1920864067
894913016
1811350765
1692848604
425736328
4114592858
4186500058
2258012025
1601730560
2278570422
1081963389
1749144032
1459190065
2778497471
3480564335
3256434347
785263551
2372771043
2682923361
2514848205
2139001967
1043651451
209990940
837509594
15747150
1345560412
2873747144
1306336931
2572705147
198136081
2780871161
2136268
4214738553
3364944706
2860702494
4282919680
1546481265
691962332
1225578017
1529868230
3832260720
1410161087
3348804323
4234602348
1764564133
468314584
4006115857
416834723
3798728617
95240458
1897282779
3932590238
4256311130
1125018976
886643821
4006913332
274495652
906215787
789122491
1299693759
3638757415
909552782
1620724866
149243705
998220286
3631402461
414165392
1770165663
4275635636
3863015957
4285666924
720639624
621144019
1274586487
428528258
3522003203
1670054033
236357497
82246770
1996337935
3475378473
2679591848
152138310
2237082486
3957152471
291487512
3022657184
3229425291
276716593
1379161675
1175927770
744758285
382936531
3492583126
3470620017
104060137
308143959
1723991989
3996800522
220742270
883299549
140031345
3758127004
1587679368
2494701624
28764795
1257053781
4196404518
3484306499
983504340
2020698199
1912743426
480556529
335507955
2254706842
3859654276
4265014062
410621041
3938535135
1215630225
509078640
929104580
2926983579
782816527
369913987
3204282914
373842205
1264537206
3833769072
4060496977
23597135
570644230
2137370218
276887991
3007522431
3209898186
1762041389
2041979131
2519093954
4185614334
4289604609
2559089661
2796742176
1441722011
3115764630
1656660596
3867338996
1304805892
2144613751
779614932
978985526
672142494
3634783009
651594225
457829140
1649482307
334322765
1290882755
2403595480
1351098236
4253034028
2467736144
2648591885
2380870852
4193756187
578654154
2885537862
2575219195
2382114992
991699715
1684401144
1520255475
3283515476
2517373155
721767951
2123223451
2330220714
4151494506
1736289110
3128870403
2229245614
2505627385
4168721616
4213499035
1999479205
2136932402
3724204600
2324770563
3858303342
2875518487
2895076352
2759100175
2546787376
846670706
3540216791
2735625623
1974516302
2798343219
4091015640
2557493785
1906375503
3275010359
3368674713
1159583325
2300482617
1247362558
3796377720
3179477213
2712579712
656502251
3295657991
1197616237
4265267811
3658224066
244198780
1906058795
3354745211
991715330
2738489915
3095507717
1586601570
1125930306
167504501
592945813
3841934962
1567398926
2017894217
3371810411
3630111377
2383845095
3117559877
4063121212
3563713263
4256906869
3639106929
3419577940
2434222344
4267872288
1902414407
928642080
831402079
2048101547
1637337617
334633458
134150934
1472092117
2289935900
4279764729
454303106
1523702230
1111551254
3232461824
1378512741
831654853
898961359
1941219281
384735643
1297026143
3195668642
202868340
548912322
2449841682
4115542828
1649342570
4023591828
419501502
3010132908
2357665790
599673461
1624113509
2462343867
794240641
801697582
3026804393
3197441656
274417389
2247791050
266486039
500430593
3039991205
933359903
4064295813
3770797088
3530742867
2455866084
3146948599
3195287317
2073609932
3722556540
4163483712
462481368
2690823847
3597128159
2242808536
709429317
3139681667
3887463974
1096081781
1382030800
2298797315
129797081
447731026
3813473662
503605773
3038417602
2477916740
486408775
3446669693
1635029130
220397549
1292720611
1898352069
852374790
642280873
2892933804
1749077204
3411957021
1962028719
4290563696
1860701328
595753878
4280096134
3164155653
42234594
2472447341
1760246297
1959632428
2936211053
1252426722
360783626
521233422
1841891698
2457990654
343749655
1378791685
2315096929
2705641062
3482554954
4127233084
1814485882
902570100
2437751647
2737250140
216420628
3870981562
2424870461
1327196008
924255131
2912596118
4032159730
2531847395
3765474493
2742052643
2920437727
3122986437
523792763
650964022
1960719966
1265510197
2427172795
1389374331
2556324307
4257116629
334809422
1262024848
2373240946
463650503
953816489
94031439
748247584
2521653773
1741974023
3083492734
259839319
857251773
3863692049
3467753583
296421552
2273113256
1306299834
4031153679
2872171128
3867071542
3102473719
1005289050
1614638002
795084870
2967815377
2467054760
3922083439
2242516406
1253173051
1184207205
1847919589
2591019889
2233719223
4152201970
2120708110
2443216040
514257582
2002174367
2092249796
1000064217
1243964465
448105301
593139534
2007205549
2059095098
2840376157
129849099
1809246135
4157219410
342699811
2621365361
2500880084
3548590272
1339304722
878812183
3778592707
3139170554
4024201656
3185620027
1902664983
4101808468
789822968
1425127241
1419342531
3070019709
3777224503
208888609
4040144384
3841850807
2319823944
720243032
3165000717
2949551728
2109404870
3403253746
2246238121
2389723496
4265281194
1890299262
2089407750
2360453741
1991336723
1857598291
4136876907
210225738
855497969
3025308511
1548270998
1970108227
1512963392
2742827305
1074569773
1301850659
460103915
2617913518
1149454018
2263940592
481025914
3728116962
2194620785
3802232528
3126343861
3918415038
1422621764
2792682899
1230356574
3263730963
1886454655
3913596430
2545743795
1103070278
4220303065
3442267227
2606327655
2772978299
3609877123
3741665244
451829537
130250524
1907762156
2449982550
2213357171
1389742258
4170195824
2127812945
3849597353
3834506069
1366796621
2158268655
1725979856
421232420
489709256
433782762
770758447
2865472344
3837359275
2160638742
779959976
2312378516
1436604996
1437353658
3885038646
142456327
3976321444
3477937581
1617985474
2989397381
405837648
3971870807
2090297963
1886060420
3484662320
2391354709
1132614909
1525560637
1589433847
1977799957
1981218061
3018089481
804191506
2696131816
3862681745
859100487
1497584583
2645784338
3858938046
3666992768
2670872586
2748797851
1207175896
226265796
3089370536
307450526
3017507257
1753479087
545613067
3253665892
3679682491
3579066713
2713238732
364153191
1312044654
79859463
2998088581
2991160928
2514099191
2579622234
1611546391
1704280137
3176417501
2061732183
1433812973
3507636682
2445872984
2885694376
3069847171
1286023923
918340306
534255794
2884849284
1776388443
1278354196
841635938
848467965
795065975
893635023
3492112663
2051946630
2146870927
3891372608
3465816702
1878702656
3234663955
3262246059
384576167
319447258
3808821769
304807631
2939898144
1942926526
2435390554
247063237
2803774654
3137488819
3452143302
3957593875
1931955496
1849768353
2326384593
259305045
1509688690
3112363777
536661275
608002779
3871603902
2535198904
3985627071
3417754516
1046713515
1992910698
1622057825
1304812760
252000451
516216268
4191167730
3546100911
3908591625
1837318632
3480973532
1982971259
1627152190
2720684161
2112236869
3495625553
3953333923
3265679580
955950510
3011031778
3452712929
3283490858
620223230
149033968
1960654591
843482276
72295288
580224134
415506331
2774854854
2147026208
4294491335
3427963945
3439996263
1481324699
74266515
2903521887
1457366081
1729427378
2298593195
436422301
1811493069
2892164974
447288599
1408790628
618388627
2801425224
2227240594
1689959150
70433764
925579881
787904697
3152991315
704090845
2913127428
769098546
2967234066
2502287144
731031881
807459755
1162891457
1073360827
1257291368
3824158438
4261491930
7597787
742612362
338496334
1091200830
2726248605
2707478974
3489257018
779775447
466644501
4118034881
3317183613
964188343
67970075
3464358605
2285377540
3791904923
3538623630
358468833
276756155
1223726021
2567818694
1194435333
1167951784
1338063974
3493377280
1484168639
2881319088
4166777585
2609777918
3516478884
1961064004
2359540594
3473007722
2880391246
3770549809
545938228
47434165
1441114353
59063779
3455247540
4058199293
1552884704
3221241794
2505666434
1083807730
2348875807
2352560803
407157674
2809361658
1020046900
479629693
3916436911
92534557
3637441211
3279336116
1099308583
3981684562
152350700
2560527806
4069929966
1293009904
2192134679
695178616
1127396702
2941967641
736467199
2112641562
1450802335
3988138194
2225209043
1775734196
1539780261
2076212171
1003077732
2804890274
2148531041
4078897855
3123889699
3009007070
617682598
456293882
1141410570
2754632507
19140718
330186303
3101086082
177853252
3420609061
4015105513
3362517620
17892898
75031119
824992867
4192108132
3981477892
4217406293
1674796903
1282087529
2820610542
325021499
2802698597
2740211591
1297777598
776250009
2624798444
1127994789
1901140615
3636183582
1983341746
3474024385
3986452518
1686006817
2689544413
1582441614
1726250345
1274562179
3952001547
4287994912
161189261
1607169266
1864811596
313270117
4091254104
656120994
961703660
1479715706
2644448365
2872018411
4247811145
2948141604
3156947108
423257845
2904140897
2488955434
2424158294
719038277
4209673373
269325041
1569643809
435309514
3162356023
1346436267
3191315409
3133186526
2577204269
3638468125
1793938469
1746040175
1167587162
2781209075
4066537991
906487291
1462126161
2613350504
3073097799
1499301289
1606798935
3625685704
3247578206
3199691918
2138395660
198491443
726490708
855676836
2583346090
98211178
3158989704
2832830604
4056315245
1984751380
1551498112
2176101635
3358173287
3074411954
97957151
1696228727
1150649547
3259544246
1763464590
4130233458
1039360460
2584978199
3856324679
4222015435
3878407210
1420387944
3594394742
3350089679
2426761817
2284045784
962209528
1439514816
789953026
1190679905
3781849586
1531614001
2285852852
800258867
4017561432
1034635942
472819323
3714371462
1728607298
4173330141
3149503431
2104520834
1441451729
1143934628
2474638524
3048817586
181660388
4129291251
2672416166
4079159772
751451932
3017293697
948601599
3981275299
3741806884
2395092583
2998810231
507724803
1211265711
4029022014
667155394
139783307
2963897947
4158006782
1231521641
2462346650
3722272859
1921869894
3358501657
2240918010
1223530892
1402255742
2180560287
2812287497
4065135792
1187913706
1939316752
288355455
766065265
4034194724
7633015
1882766177
4286868925
3991989607
3519530023
3519059029
223338645
2011618581
2424357806
3024077941
257303275
1320447252
2650725589
3486369117
2908751550
4095808637
1300637186
61341750
208977430
3367465177
793085705
4251997173
3160889994
3544690948
3894080074
834687528
2301720133
2348055931
3861397751
461265943
1950755050
3069726103
2188318656
4286762371
350523306
2701697959
2958767158
1536194969
3978530271
591935643
3735654620
699026655
176377111
493274049
1524250690
425337946
2408811451
101388611
736219320
1612907442
1962285090
2929787337
3586745145
4092922166
3690928484
1475784268
1026802060
3303474522
3181469068
568621215
283224945
1544210418
355821477
1124052524
3141200598
1308040053
2263038834
814026323
2071451504
477179957
4270387138
3893872463
1991397450
2316462789
1281586146
135619056
3229243924
1713643327
3895348888
3874556920
853626308
3731884961
2974461629
1548628474
668085215
3474373227
972745778
3592211523
702837395
1439978446
3365434619
2565621887
2700878364
2287481304
3246146930
787099104
3240718015
1706683886
3621491989
1624142237
173209708
1791117543
125480984
14230932
3752432431
4078874688
3885362430
3332756324
2733351226
3851248118
2867558289
460323063
1704259237
208822807
718631411
640894580
1174078551
3828948923
662133419
1787305063
1433066155
4232312917
1871843689
728543954
847271554
3943634819
2142725621
1269735456
1939291871
1231837558
2169759352
1175123259
308869967
811107111
3910810132
2157650520
3256298928
2937000016
3877127746
1370498936
2955774628
3195099280
4044087871
729513375
3953805160
2633267679
2970106718
1437927778
3204425122
1779790539
2265171345
2795572124
2663645189
913367513
3745789717
2647229508
2623370122
175034663
4208910065
1713200846
2145452457
3330560646
4193729633
575915823
3987935219
2433332511
3278220416
223127076
3546180215
976465188
2156784024
614160750
1163954606
305004868
3744286223
1502767042
2502496224
2921218558
380469039
2240131809
4227047844
2377502253
1659061228
1675336638
4156273374
854269204
1682958076
3146122780
3872547298
283502147
998459547
1315474461
1017194995
3470608099
3763829783
598700118
2113261506
1863093417
2789613676
3545380586
1914861571
2601880595
637134866
3869489656
936899276
2865096175
4058893876
3463482476
3299414835
2443246009
821460234
2795474524
1703105753
1941355674
1984261188
1784313947
3229343016
2952160106
1998175000
3488004899
390708364
3037747976
212714812
2527757553
3872433525
2705060466
2978801941
2637885130
310701116
929009036
729721991
648907985
1527070427
2153465565
1219305462
3950013231
1006442727
993095668
4033105637
4181063589
2596890019
2072264216
952438559
603225085
3012610063
3775018192
2941217066
1215809365
3440779552
1776688580
2974469065
3113602421
199942509
4107034884
4032652439
3661363307
1784271762
540833733
3690064199
1001184868
1053452328
1403748729
1268397590
769213916
584996629
195159995
3378988398
2184408043
4022346242
2116914473
459073051
1303347208
3472357852
736802907
3035390808
1092333939
615232449
2606972875
2256784636
2688436136
1998220883
3961267802
4096571644
1502211816
2314868260
315687879
23068117
3368132646
3798368121
1308452613
3029254462
723777756
1875787423
441798717
1483622871
733246319
3783017015
2989203926
370051637
519897632
36634513
3832865499
1480492362
1867435137
354322828
1007786010
975066117
3514984940
1931127232
58409691
3024190903
1922993338
2019448023
1804597331
5017031
2050046531
989761640
492891665
3417527520
3853739825
3377780753
3427340106
558300057
1900204001
3662411354
4236661369
4156036992
3088062832
3022765578
3683020100
2983898929
2447923340
4234303262
1779338630
1631050825
3981206073
4139321683
1160393861
4171559080
379014774
3733323615
1038981868
3049051019
2676211855
724386264
2880918599
3037992286
4034188734
3670828786
3784608172
3794221444
2092163189
1222800771
971126556
733866019
664946498
1832909456
3106024698
916127698
1208195854
4089493306
2695887457
4274637157
1419013476
1249049118
2707814934
3914500445
2598088960
1595492988
93126580
1300872504
4045046964
917785561
155203165
2142745377
932423323
1927660244
4004889713
3446674700
187614172
1975353063
3745612150
1289344702
3283144944
4002933098
1797486956
4071127175
3778742831
3188419563
3252715876
1598570004
61989631
407449446
832854268
1755543442
1638719441
1011216555
3611012135
2541272163
1499656037
2730419268
3786052361
1805274178
508832824
3663766777
1547498852
3756427907
2074325502
1637797903
2013638123
1475582800
266656469
3934622493
558381179
2636014513
1015416574
798654993
2929485460
1393660071
1107014567
4118463147
2032479530
180043568
2604373458
953071711
2900767259
875961646
4227976
2114618391
1730062215
1937627062
1546451717
3492460816
3471227010
2565298723
3665693260
2495034145
1000389402
1980157215
999904076
2077690524
3935779176
260604463
1016094204
1408909731
3773285399
2974262530
1467476124
3884001752
3914969768
1808151168
4067753473
3607623807
907340878
3645939624
3952039234
436874759
1736301130
1865195697
399804605
1491265726
2054148820
3559690338
2694125143
2575660354
3791065017
175368794
2177455220
2833196592
1980532254
99383187
143331220
472452947
391946191
2681007421
3029601536
1318205737
1408053972
3205420396
4021998819
1017504126
493367214
1949550445
1900671207
1121329219
2544548017
189604932
3122567234
482200759
1130258887
161803925
2241664619
3822278115
3912846097
717903531
3649399783
1894649403
3654065347
4131752507
627063026
466602037
2604990636
2017406088
2779680732
3993171169
1686908282
3885243547
3163101301
263385812
1556771986
2665538479
26757926
133608793
784653598
979506871
3196045797
1714966340
4196692604
749365036
424097120
1780692157
131633428
2361345178
3958554929
61788450
142662160
1479957735
110621993
407096414
938523702
3743735151
3837144419
2271755393
4119266604
1433533615
3525628309
1177576743
1658423237
2694489123
3118109982
1923679536
2047667613
4026915125
655063478
1991732899
2322750045
1193175822
2519248448
4013194006
2846023462
2758029526
1952721319
3408611237
1529129819
2534605032
346550295
337429497
2499347604
2353214298
1101149823
2446013822
3178690433
1358078990
2570798346
522636071
444749268
3510934745
1237544374
3790602061
1601503655
4203670172
1273417929
2938746758
2408874595
3415086136
3988393979
1939390592
581062638
861467936
3847311959
3322896712
1930668232
2503717661
2706157073
191010636
3938315726
661164938
1242208496
4266946481
4229310970
874941298
3212637742
2960728539
3663807311
3210923029
625791630
3013336704
767237894
604060560
1952277007
3389142733
2505486600
1081860723
3513764582
256342923
1941928590
2642419707
2554140246
3489012807
3132218619
2043108703
2532387379
1177111208
881967378
1294526063
2858985738
1645275176
4248741464
1205278147
2308578657
1687074988
3954998865
2075843976
2100151364
885615589
2964294072
3942026317
1966598468
393467885
1593098618
4213591058
1174291472
256548045
3658941353
3981472279
1781797625
2242003029
3635348157
2431325420
1392577092
3342787009
3737753672
2951179029
3383860414
236875936
3460406451
3175796328
1699956430
2916819769
666659708
2520583577
1070987367
1113899414
2523834060
3593776705
3387508354
2996831824
2135004464
1261713208
462229481
388088845
850636349
1590297349
428252758
2847977880
3894924741
665719309
2879046076
1194121033
3468055439
591249975
2301659697
1711277299
2111959396
2201317628
1076730838
1213498759
4023894153
3070361284
3289656283
1169642071
3175011208
706503893
483876125
1063472508
2634661893
3160766936
2496380344
3440802574
657507337
4120092335
1403906654
316129445
2937041717
2024739137
4167921007
1787270492
4130457497
3988052577
4140695663
195322723
2686966862
728922002
3294638946
475907887
1358259052
2141859482
882694821
3375904749
2514504310
2051866564
3117535038
2477474661
574363702
4101221883
2718833539
3926602741
1192472302
3116092294
1961826143
2842842122
3145232191
715054911
2648613186
1616948803
354524033
2306140582
2719622498
1319020304
3238943168
2196596266
1719314294
786580386
4005301709
3196448480
619652778
4147318313
2849047104
3190275893
312169174
117262602
1016280697
1427300636
1997762742
1822737726
828354846
1867809257
1487325380
1783273881
342691563
3672474833
849428732
1940544837
632388825
2919670033
3865106812
1651857350
594409172
3946754622
2231164862
1651584145
2346620358
1459203112
1181204389
1752148647
1152929621
1290757043
3936255356
1384850692
3414464859
1250610449
115886003
1421614336
1755608001
3379897741
1231236185
2368095276
3270973456
981103474
698811713
2861994985
2534585346
3879127646
2288356038
912630057
1487034149
2689967391
1056932156
3831007597
3538529197
3974657797
1589381464
2191269710
214685422
2183063397
2996784931
1820548733
1252448829
2975427196
3184463594
2333968957
3371403429
653738401
2999937913
1792355866
2947951281
1368079244
3773511200
3449251390
349123927
3619123160
3050602826
472705182
435869338
3430791022
862509907
3271171234
4215983969
3649801156
2722698625
2274313985
99531528
666307558
1131597887
846133272
1834177851
1302902874
2228773870
1799568546
3169588657
1809191673
2660253691
1759941561
2855683917
2109644811
1662912680
3087033573
2303154588
3405432926
3454260033
2979906010
1500434648
2094151936
1541107573
2963775256
3933941034
430753864
1491921300
352941227
1476520541
339467203
3423334802
3019144579
3513913545
1208318005
1260422461
4088831174
1489003020
816183350
3123702737
2124142102
1195859180
2041350891
683847365
826356986
3226934429
393525136
3652095184
4193694671
1482899073
1034276438
3751518714
3834121686
1654922199
44427963
3999584916
3876228547
10907958
2781148568
1349738641
588432630
3381791413
3563989092
338262207
2690133247
1121635954
597449585
171135313
3147358039
2511660929
3813964945
2345212970
4277593321
940135554
2620041320
3496147619
794095534
261489573
966250123
1476402063
3139042778
207365569
39723024
3647266113
4073634849
2991775915
2694508093
2820256472
2349473980
2833649507
1380800377
3052942378
3308561918
998574958
434594553
1894763151
976371741
2593656514
2887617011
1702099064
1680000793
1098331500
2917755464
788097543
2228687370
1452087556
3557483198
2692139643
3678555288
1922526250
1308778044
154261879
3553215457
258754161
905536251
2434982338
289170256
2833395148
296248967
2149260578
2989616536
3426423279
1213250426
1318747891
3006863816
530115562
1145957286
2681702855
205190410
3953014401
2748573819
3739027564
1724790433
3949510978
18275091
963940201
1798278339
667921504
2140067134
3298557442
1069578933
3092929822
3217892354
3577143127
1794468043
3875204976
2485398599
3878006837
2762114976
47107110
1971014717
2294473799
2006296584
1078050467
307843479
3377994505
958349317
934128300
2744806247
1642134776
1396939253
637462485
471185327
1297136675
2948738138
4170222903
3166494158
2753404034
286092181
2648745770
735511186
1737321218
3200175670
349332312
130885329
2429299631
3560809971
617230823
4258713859
511315086
4210679224
2271143014
1132920546
1665628985
1628357181
2937509101
1396862710
386679848
4072513778
4059828723
2231369177
1249374480
2145949232
370489509
534022646
1534816031
3406725854
3025648503
918145357
2640797348
2806234609
2846747671
236364950
1251081221
3750351367
2091027993
2647546492
975034125
135930915
4276778395
1516639761
2100789919
427520830
3330155886
2250377732
2177027317
1534269164
3963792279
1860645856
1320759369
2029159553
286961551
210666575
1238375634
471319182
3861479267
7446913
4158573674
3814180535
1122232107
541519166
8071518
1625410622
665053797
253944798
3643787133
1425462179
1853597983
1967722404
2754882187
1059950907
2095528155
414240790
1567879117
78490176
2990000075
537927704
4091907754
3773696303
1611684624
1750415423
73610805
2854162821
3326476931
2010883607
458095717
2807821742
1712536574
2883699377
2680534724
1833848325
610973530
2111872553
4204467463
2424525490
1837989
3535578885
3179737801
2483389150
1472303578
3672177799
157960314
918682879
2208993747
773085797
4294181411
2229485741
3617027444
3026147088
2717244870
3540225385
1751536085
2735920911
3946269735
867336640
1182210052
2009633381
3247233450
1824070034
2721740339
414134716
3472930533
3061734042
574689400
1694273636
1596579961
3908755700
2385033419
2170606019
2845191544
3765358218
2337283811
2947192068
3337082472
2519305140
409558647
3507644240
1941622786
110746709
2446412748
534960066
3400238756
547331528
764381875
1833968483
2254459252
2437592790
624474682
2460747531
97999722
809494515
1795071221
2211447704
1119675492
321674334
100621585
2719081734
158196974
2895559493
235953987
2644789471
2215503515
3928301131
2983962393
484769528
1480573795
264756760
1441591550
2585709106
4255775468
3185642722
2718900292
2137907173
3726031063
3952148767
1352649040
51091676
1941120511
3669506159
2432333117
3151263429
248971806
3098601735
4246509781
2945495561
3773945862
3193051579
2278767341
1785959000
3625620130
2355896534
644390688
703031503
3906253042
2590773039
864307180
4271312931
999826516
1267602769
619357126
4171484952
124258558
1838911324
51485468
2046111696
3247084677
3334609199
2220390360
615698513
800922872
1841940450
2217058362
1814901340
1457578847
25525280
426536826
1420916548
912764790
3507985494
3499089313
2569274830
1802430762
1484698547
1422675302
129336528
1713021426
4265248190
996733778
2386323904
897715274
1233643065
4151210744
1107092591
36861535
4074535692
2588018832
3948069850
3096208776
3516313581
2881423656
3553766969
362574093
481616295
4092558211
3089082859
3630995998
1079247691
1658127048
4283955600
3111527304
1316292598
2540564746
4066720539
2273870072
4252201896
4087201847
1385357598
398844466
2285269624
4243717975
2486551713
3600553242
907948892
2694936714
2989205111
2279078102
3211310701
3139153766
3199565324
2629360345
3477294499
3433739597
2071026715
3894236080
1609038154
3887433922
4248305475
984289549
4158127140
54554344
2969582818
2864091016
948141376
3116354352
3514325642
2684673828
3022647026
877122776
2980283220
2844251931
764330199
3684538699
3376206389
863992803
1840151778
3830905137
2852669663
3108524063
3917454171
4053573166
2262248768
3672902488
2327114106
4202745792
860018685
3098570049
350204973
1146380846
1675979315
1868631955
1377470250
442635771
3761306197
895237170
113285408
1412303778
339489070
3831424019
3859861742
108392101
2394632579
1875540357
584011
498406882
3805332047
2689449101
2560185335
904056123
1658221414
2157092508
3785183508
2768193881
1505465623
2546909546
2935125383
2268411117
605959240
1636210845
3843603810
3091961185
2863039051
3880189676
1692165801
1871417630
42703879
1251861020
654332769
2428507997
4085768260
681870423
330653273
3812552233
970810870
2039803396
2503676918
3425966355
1892447604
19044660
3847556879
3594957378
2858005173
3903046541
1753998087
1070018212
2088919537
389478579
3855570298
118985814
3027913368
2879881140
3832029648
1514217136
1471271480
2148211612
1608928611
3985733352
824142120
1375909303
4185179066
3814546341
1575698638
1374776748
2674415365
2715087242
1907727547
884667481
854960096
3627104498
3845961637
1322135893
2542904581
3445770216
2253622264
3857080278
3988777266
615156125
2201304917
3242452628
1544883263
3317328148
1202055574
2193243983
2281948714
956784655
2010064804
901066363
3347721237
1985657422
2406172792
4080362589
1472474997
2056328694
1832378794
4063089227
2350175286
1882499520
460284880
1708602793
2166825596
3366966936
828457246
4248596998
1394090185
808713500
1983312077
2206053776
3707896402
3942319542
1259937385
516460847
3771589281
1520327126
3377895287
270189668
749176043
4032185446
2285037182
1784512729
964418243
3021728294
1918593532
2703056674
3189576413
3991263563
3412934306
1300323504
3338373454
606524662
3176997483
1703194563
3944907725
2494240580
3070212811
3263878186
334908869
1739073321
4101804493
871847789
2979211513
4070114407
427451873
3978700290
1943657082
1261629124
4221258914
3219670523
1510372262
3039945850
1348306115
823133109
3237977057
1886849992
2000252311
3373420493
2804778366
3810801119
2908871308
50689083
3270312624
785990629
2493887012
2429519987
2410812498
1854653815
265548854
1158078786
3833215798
2528618834
218707269
3215637677
1028373927
1217106521
1715238529
2745907589
61382621
3924612307
3066776118
1695418028
1604645507
586293789
3818640773
3176480502
1159868523
3978273631
315348251
792279084
509031826
2495287628
1245214500
2032255521
1002333110
1585975106
2837164844
2328452762
2076121671
2564042559
1949550245
1243420238
1575236606
1157654584
2614865252
3699270670
2652531357
3895246397
1141707115
2125694466
2897871911
1606406498
2785771516
3648170870
2965622128
2682253412
1582089904
979768077
118445075
397718509
1826963198
782367949
4248023737
1594771230
3137857099
2377057005
2349248204
3246054666
1101894853
398895618
4024309704
2615191189
3325072801
1613760260
3949326381
3713332381
47905011
3140358226
1825383848
2900457915
3594887932
3710626406
3779396333
682384069
2124105413
2177454957
1888465028
1672507005
393217149
3801621451
2408960707
2406055354
881335571
3935880766
2470957271
2339280456
528807297
1210445090
645772226
1707919585
2054083343
3797989679
2287883966
3287067488
3935375708
1268735581
1336406797
1248546579
220352793
720662510
2741199758
683310959
3215658652
2646349134
1064529353
1884145573
978815024
472785120
1211968337
28491346
3830827148
1825600012
888496122
175588647
3465458115
1361394071
3093889180
3781856580
2660161647
851407614
1245424229
818909511
2073416467
1672088285
2817296174
1120465380
2555022629
3598247000
765169412
167356680
3817792823
1669919574
666998080
2669014169
2330582935
3244171361
3467195133
3063569028
833977241
803087425
3000339376
2275203008
360492345
3231708218
1824881749
3386073752
1325822303
1847092027
956191286
1984045555
4030115177
2216935034
775414274
3377331239
1372816001
1048380354
3714457627
2102163682
1189238955
3994998942
288940836
2489768663
2771617957
1186827687
2305807795
624041661
3127990893
1578877124
2752571442
1567750643
2316148295
722500580
954511577
3571784213
3898504752
446981744
1949744487
3853639002
1813003043
3989428246
2686397526
3388027856
946278014
1035955044
1737647900
354384923
448561484
3154499567
548799807
1471873636
4169691930
3253807996
4001870587
3881168486
3178177300
3803158050
9589927
247378986
3225464608
1023751446
215583601
3289786161
4232877891
2338824858
2316358341
1229116655
3860653708
1501986878
2897873257
2339493269
2251806324
3822796381
1661501053
1403625716
1704233221
1447571940
623993040
966046573
4239243527
1103047212
3467244473
2362061199
1068607038
1353306536
474371193
1688141768
2044283823
2207746223
3508598679
231014814
1171426026
2205276329
2030039829
1135447033
2632069251
1072633571
1811671946
1698947906
2754157557
1671787748
4093965877
3811463185
3645872598
2272337980
2237668680
3132143247
2131251060
4056108970
1672785184
1140100923
1926076006
3126040850
1511902955
934319757
864715047
1615422893
937554853
2206803264
825488926
727348371
1653407974
709649445
2612970215
2352146107
33732950
2205600241
846341813
965118761
2078228200
3875866952
3003302667
2335165533
2743058291
1113107775
1329090860
3615622976
1508749038
2591535758
1109212261
397744943
248132302
2825848323
2612397597
2151335297
936109084
1331444704
2926959080
3561394640
3404215355
239483459
1094084064
508768547
276328545
1922065056
504500814
4146484066
3657797352
2968576266
3317104324
1068516088
2988774745
1123247487
1466946930
3405654188
3368067690
4001338477
76696643
4195957485
3122278412
3084125458
3521252992
3934182125
1540239643
1719269176
472514664
2862371475
3446778511
3784496616
2105312180
3723599305
3198244403
2144204020
2349090415
1297596774
3280687598
1327456701
620216949
2984501953
2128219434
3065352192
1637187303
2800084799
1552189521
1038581663
3667142807
546409322
2882480634
1723358383
510599985
1138001071
3018445484
2697637517
2703314469
367999602
3123151216
4135113644
950225787
1364112313
2839465515
2916878314
571780424
1965309436
2565558005
2701273667
4111855997
3488499536
3481013480
310217032
2570861834
3815743421
3320526341
3549541214
3445864221
109413543
766752707
1843951721
3604435478
3265427841
2725659810
1143018031
91417320
2638805602
1500533168
2489088654
2847664783
2745653540
2423576669
1467259039
1488301034
380791471
2696531119
266009276
3002041069
3147739331
3920509165
1960871497
1476568755
1851411977
2052311611
3178327540
2820514306
2431557088
519232037
2187564925
2587264935
18415939
1751198786
2491536763
1518041760
1318220704
2118280484
3579016196
3341942797
1254994882
909349923
2524636457
945625857
3136257114
3653933156
2738441539
491867917
3501699404
3022729288
1893628499
1814884543
2656979812
1510291991
183482907
26015224
1180596605
3052447977
1046729972
890987604
3407163123
2869371360
3400131149
2695849224
1016696763
281783504
2326193732
81437346
3598693978
3259976311
1552029964
4290146973
422797504
252723360
2381533119
3973020585
252139861
2597433882
1644779901
261007914
1865235219
838525995
1597446148
1767348979
2863275814
4179844484
3927577457
4246641463
1621620288
2814123357
38318674
352551560
3938779154
667529345
2139222369
1985079578
1255275386
2669032528
1003780339
1771367602
3246600124
4149384999
2814147129
2038038799
4068753388
236394405
3836870172
4002781440
2856894486
2620030393
2295602660
655020591
354024345
280031194
1900345973
2841481999
3917704458
3672790437
3688606056
3378232180
466356471
989359082
4076139700
2297484175
762352451
4002271919
3177856722
457659999
3954499886
2427717831
382255025
2837933046
598110738
2642269622
3418614947
745702737
3969464664
3928908488
2387648279
293191816
2585779487
1815085334
2797688593
2155623546
2317089366
307078299
3774110574
4274528882
3075020984
1572862110
3164914530
2938988312
3321958450
1646991656
2674824364
4246344784
4130255122
2636998768
1124738474
2627487991
1256185721
2224510700
1853008832
3710800556
669902875
988704032
3270327332
3630416853
505782004
3941587154
1950268324
3792391
230754734
4081119683
3848258128
3927332878
1077398896
364288037
1267034145
520334335
767825104
2065945768
4257000348
1682783214
569350379
324856752
81483170
1984628929
3228734208
1090808221
2206743023
4196959764
3310050013
3644224889
1349944764
1735492030
46559567
3712154430
2880096049
2639667068
2844424034
4014448980
354384691
1965691479
727115779
1997258885
1090369802
3239213052
2493922737
4060219138
541996025
957052175
3700025601
3277961173
41325100
3896249601
1580490790
605758421
1965735495
1107867585
386404292
354840296
4036357374
2992778598
1539386445
2584027532
355386109
383190974
31380548
2982253963
2519266697
291525104
1829957749
383279096
3366285515
2214691413
4153784399
3588800942
1156545016
3452338869
941718610
1175249043
3146673742
1301017232
461805382
1692134303
2766724681
1328686629
2661821311
497683033
4206298100
3609408483
2272611511
3721146491
2061625650
3458944113
2554419359
1143900557
1863790990
1189453108
893642583
2021843085
3929094456
53054948
2600291704
2222803451
2984296183
1314297562
3532689232
2165402350
428982704
2366960346
3295196473
4192356069
3648450677
1373799489
2197655781
2069915129
3964577146
2233825666
3405752042
1114778253
3009893982
2800523045
430031121
2383793305
836969494
2154531384
3103218177
3078732034
3232959954
62329428
2379173211
1688692785
3598115337
465881340
965490378
1878088267
2511925290
2461656949
1943480405
2696783594
3793735330
1465665878
3701462624
547697558
3284179304
2889790804
591850277
466440762
3235620602
3008122596
2225736725
254285587
3847707104
3877041062
2796281847
3343032506
2602278800
99102944
3043392188
1766362533
1626292906
575962006
1211370667
1837006013
1405975055
3106799570
173683688
421734742
3932264255
3224199577
1327325936
3222352778
3927067728
1172907953
3325125093
4114103703
1879923255
1246140600
772493671
971136876
1234852399
3536402836
640107612
3946262163
397012472
3266619900
2154199146
3008817301
1071589575
3331486185
177016050
1003624049
2586943486
1235043193
3396403789
3276760148
3450714869
1368926452
1729829636
361317528
2506778156
1405678229
2132464591
4238792376
4048349150
2699073685
1442190081
3596668143
886927511
2423096407
702138260
1361819716
2486133243
2896493868
2960105568
3379237975
2179031629
165193900
2875406982
2141601572
1821879112
4189143911
248778404
3096242985
366577588
1503838917
3669138388
3655929373
3329118102
1026487921
3565642155
1288665675
2376832056
2446355931
1601295767
2443964880
3310484718
3393623901
320043797
2272222534
1958949384
1313529064
3193081127
1926100741
150105989
3966288108
3628672895
3989855295
838287154
4136102721
386108137
776643900
783293836
3167021578
2866863372
4236610813
11678
1954526741
551182391
387534665
2187341902
2586135610
4017976389
3348597638
1825394795
2055207102
221426898
1711053212
2755643760
3267797751
1374976771
1368155072
2338439162
1606429508
1257857417
182699721
2076543270
2965606376
611183927
2243385866
2950079752
2763266314
3514572272
3064312387
1981719029
2353130721
2569853610
2418526942
3266285184
1278469169
1010781542
3947859765
690776814
1369227801
3077619366
3909021886
3262015147
3016716073
894465968
1831559090
2919352573
4024323772
3092727784
1325711572
3484061035
1652605276
2887724989
3709795342
2819386445
353684030
2585979582
105982312
819489263
